177,54	13,20
177,75	13,20
177,97	13,20
178,19	11,52
178,41	11,72
178,63	13,68
178,85	10,73
179,07	12,98
179,29	15,51
179,51	16,87
179,73	10,66
179,95	12,67
180,17	17,56
180,39	17,04
180,61	12,33
180,83	12,68
181,05	13,23
181,27	11,28
181,49	14,00
181,71	10,90
181,92	17,23
182,14	9,45
182,36	10,65
182,58	11,11
182,80	12,82
183,02	14,47
183,24	10,45
183,46	13,30
183,68	13,29
183,90	10,26
184,12	10,96
184,34	10,07
184,56	14,81
184,78	11,12
185,00	14,72
185,21	11,32
185,43	15,96
185,65	12,41
185,87	10,38
186,09	8,66
186,31	15,52
186,53	10,82
186,75	18,08
186,97	15,27
187,19	14,22
187,41	8,04
187,63	13,57
187,84	10,53
188,06	12,09
188,28	12,70
188,50	13,30
188,72	13,93
188,94	12,67
189,16	10,95
189,38	13,77
189,60	9,03
189,82	10,37
190,03	15,31
190,25	14,72
190,47	14,40
190,69	14,20
190,91	7,23
191,13	16,34
191,35	14,44
191,57	13,83
191,79	16,76
192,01	14,57
192,22	14,01
192,44	13,68
192,66	15,50
192,88	11,45
193,10	8,26
193,32	14,93
193,54	13,35
193,76	11,86
193,98	13,84
194,19	14,07
194,41	15,47
194,63	14,16
194,85	12,89
195,07	12,59
195,29	14,55
195,51	11,67
195,73	14,61
195,94	16,39
196,16	9,66
196,38	12,29
196,60	12,92
196,82	13,40
197,04	11,67
197,26	16,60
197,48	12,57
197,69	10,48
197,91	13,50
198,13	12,74
198,35	12,45
198,57	14,38
198,79	15,36
199,01	11,69
199,22	13,02
199,44	14,28
199,66	12,16
199,88	13,08
200,10	14,29
200,32	14,36
200,54	14,52
200,75	10,20
200,97	16,91
201,19	12,93
201,41	11,23
201,63	13,07
201,85	14,91
202,06	19,05
202,28	11,61
202,50	11,01
202,72	11,93
202,94	15,00
203,16	15,02
203,38	9,05
203,59	11,56
203,81	12,70
204,03	13,97
204,25	11,83
204,47	12,40
204,69	13,24
204,90	10,93
205,12	15,78
205,34	12,16
205,56	10,41
205,78	11,53
206,00	8,68
206,21	19,86
206,43	11,80
206,65	7,41
206,87	11,76
207,09	11,24
207,30	13,50
207,52	12,74
207,74	11,92
207,96	12,82
208,18	17,62
208,40	13,40
208,61	11,49
208,83	14,07
209,05	13,57
209,27	16,88
209,49	13,68
209,70	9,85
209,92	16,26
210,14	12,21
210,36	12,79
210,58	12,83
210,79	11,13
211,01	17,21
211,23	15,54
211,45	17,14
211,67	15,25
211,88	12,69
212,10	13,56
212,32	13,15
212,54	12,69
212,76	13,36
212,97	16,45
213,19	10,92
213,41	11,52
213,63	15,81
213,85	9,61
214,06	14,27
214,28	16,02
214,50	12,44
214,72	20,05
214,94	16,64
215,15	13,03
215,37	16,21
215,59	11,46
215,81	20,11
216,02	17,29
216,24	12,85
216,46	8,96
216,68	10,54
216,90	15,49
217,11	19,49
217,33	11,82
217,55	16,90
217,77	12,96
217,98	14,62
218,20	13,61
218,42	13,55
218,64	12,57
218,85	14,19
219,07	15,02
219,29	12,56
219,51	11,51
219,73	8,09
219,94	11,60
220,16	14,50
220,38	12,10
220,60	11,76
220,81	14,65
221,03	14,27
221,25	12,97
221,47	13,61
221,68	11,94
221,90	15,37
222,12	11,49
222,34	15,66
222,55	12,27
222,77	14,58
222,99	17,51
223,21	11,08
223,42	12,21
223,64	13,88
223,86	13,09
224,08	18,04
224,29	14,56
224,51	12,58
224,73	10,77
224,94	12,91
225,16	9,94
225,38	11,08
225,60	16,42
225,81	14,10
226,03	16,25
226,25	11,61
226,47	17,20
226,68	10,93
226,90	12,00
227,12	11,70
227,33	13,19
227,55	18,97
227,77	12,33
227,99	16,38
228,20	14,61
228,42	9,98
228,64	14,22
228,86	12,60
229,07	15,08
229,29	13,42
229,51	12,96
229,72	12,81
229,94	19,08
230,16	11,49
230,38	12,38
230,59	17,09
230,81	15,49
231,03	12,04
231,24	11,99
231,46	15,63
231,68	14,25
231,89	18,03
232,11	15,77
232,33	14,24
232,55	16,85
232,76	14,38
232,98	9,36
233,20	9,99
233,41	14,63
233,63	10,85
233,85	7,26
234,06	13,89
234,28	12,84
234,50	15,56
234,71	9,97
234,93	15,73
235,15	8,90
235,37	13,69
235,58	13,21
235,80	15,04
236,02	15,65
236,23	12,70
236,45	12,04
236,67	13,04
236,88	10,53
237,10	16,56
237,32	8,44
237,53	12,42
237,75	10,68
237,97	17,19
238,18	13,05
238,40	14,11
238,62	11,58
238,83	12,46
239,05	17,11
239,27	12,49
239,48	15,32
239,70	12,50
239,92	12,40
240,13	14,42
240,35	13,06
240,57	9,24
240,78	15,44
241,00	7,98
241,22	16,15
241,43	17,49
241,65	16,06
241,87	11,69
242,08	11,04
242,30	16,71
242,52	11,89
242,73	14,71
242,95	11,08
243,16	13,55
243,38	11,38
243,60	10,68
243,81	13,02
244,03	11,30
244,25	12,30
244,46	12,96
244,68	14,48
244,90	16,49
245,11	13,79
245,33	11,79
245,55	12,91
245,76	11,96
245,98	12,01
246,19	14,55
246,41	15,08
246,63	11,92
246,84	15,10
247,06	12,78
247,28	15,54
247,49	11,73
247,71	12,93
247,92	14,86
248,14	10,45
248,36	11,46
248,57	15,78
248,79	15,65
249,01	14,17
249,22	21,18
249,44	15,18
249,65	11,24
249,87	12,85
250,09	11,13
250,30	11,05
250,52	11,76
250,73	18,63
250,95	11,45
251,17	10,87
251,38	16,85
251,60	14,35
251,81	10,49
252,03	12,24
252,25	15,31
252,46	10,87
252,68	10,30
252,89	15,64
253,11	12,37
253,33	12,74
253,54	11,95
253,76	16,70
253,97	12,52
254,19	12,23
254,41	12,56
254,62	9,67
254,84	14,84
255,05	7,88
255,27	16,21
255,49	16,09
255,70	16,81
255,92	13,10
256,13	10,40
256,35	16,18
256,56	13,55
256,78	13,25
257,00	14,61
257,21	12,37
257,43	13,78
257,64	9,38
257,86	15,88
258,08	17,37
258,29	10,43
258,51	13,11
258,72	10,04
258,94	16,72
259,15	14,57
259,37	17,66
259,59	13,03
259,80	8,59
260,02	14,43
260,23	10,11
260,45	10,98
260,66	16,33
260,88	14,41
261,09	13,23
261,31	16,00
261,53	16,76
261,74	11,53
261,96	15,73
262,17	16,45
262,39	13,52
262,60	15,22
262,82	8,95
263,03	12,50
263,25	13,09
263,46	14,57
263,68	13,21
263,90	14,50
264,11	12,55
264,33	12,75
264,54	13,84
264,76	7,92
264,97	13,01
265,19	15,77
265,40	13,00
265,62	12,44
265,83	15,40
266,05	13,28
266,26	16,06
266,48	15,83
266,70	12,59
266,91	14,36
267,13	10,84
267,34	11,94
267,56	10,85
267,77	14,17
267,99	15,00
268,20	15,00
268,42	13,32
268,63	16,40
268,85	11,76
269,06	17,32
269,28	16,33
269,49	15,31
269,71	12,98
269,92	17,04
270,14	13,05
270,35	14,19
270,57	16,14
270,78	13,78
271,00	13,02
271,21	16,81
271,43	16,76
271,64	9,72
271,86	9,02
272,07	13,71
272,29	8,07
272,50	11,73
272,72	7,58
272,93	17,62
273,15	11,21
273,36	15,18
273,58	12,62
273,79	11,37
274,01	9,76
274,22	12,80
274,44	15,75
274,65	16,74
274,87	16,82
275,08	12,44
275,30	11,78
275,51	12,22
275,73	9,90
275,94	9,11
276,16	14,23
276,37	16,71
276,59	10,12
276,80	13,66
277,02	15,29
277,23	13,80
277,45	13,01
277,66	12,39
277,88	13,56
278,09	9,04
278,30	15,00
278,52	11,42
278,73	14,16
278,95	13,60
279,16	17,93
279,38	11,93
279,59	9,74
279,81	18,05
280,02	13,17
280,24	12,91
280,45	14,59
280,67	12,05
280,88	17,37
281,09	14,01
281,31	12,11
281,52	13,74
281,74	12,59
281,95	7,13
282,17	13,45
282,38	13,63
282,60	8,81
282,81	17,75
283,02	12,23
283,24	13,61
283,45	12,64
283,67	11,71
283,88	12,16
284,10	10,90
284,31	12,45
284,53	17,79
284,74	13,10
284,95	11,41
285,17	16,92
285,38	7,23
285,60	16,30
285,81	16,78
286,03	17,40
286,24	13,75
286,45	15,96
286,67	15,84
286,88	10,53
287,10	11,65
287,31	15,41
287,53	10,83
287,74	10,76
287,95	14,91
288,17	15,27
288,38	10,81
288,60	15,49
288,81	11,90
289,02	11,10
289,24	12,58
289,45	14,69
289,67	15,65
289,88	14,18
290,10	16,40
290,31	14,83
290,52	15,70
290,74	13,84
290,95	14,50
291,17	18,52
291,38	11,13
291,59	18,49
291,81	10,27
292,02	14,59
292,24	18,79
292,45	15,49
292,66	13,23
292,88	13,55
293,09	11,69
293,31	16,14
293,52	12,07
293,73	15,44
293,95	10,96
294,16	9,70
294,37	11,79
294,59	15,36
294,80	15,28
295,02	17,95
295,23	12,65
295,44	16,88
295,66	16,94
295,87	16,24
296,09	14,42
296,30	11,25
296,51	15,10
296,73	13,35
296,94	10,31
297,15	15,66
297,37	15,99
297,58	9,42
297,79	16,31
298,01	12,39
298,22	9,94
298,44	12,98
298,65	14,64
298,86	16,43
299,08	15,78
299,29	13,16
299,50	12,03
299,72	10,49
299,93	16,56
300,14	14,47
300,36	12,65
300,57	14,08
300,79	15,47
301,00	11,59
301,21	18,11
301,43	12,91
301,64	16,02
301,85	11,73
302,07	15,61
302,28	16,92
302,49	13,59
302,71	13,95
302,92	14,25
303,13	11,38
303,35	13,18
303,56	13,12
303,77	12,37
303,99	14,98
304,20	14,35
304,41	14,60
304,63	12,13
304,84	15,14
305,05	12,58
305,27	14,97
305,48	12,39
305,69	12,93
305,91	18,25
306,12	14,64
306,33	8,55
306,55	13,80
306,76	7,32
306,97	11,72
307,19	11,92
307,40	15,27
307,61	14,85
307,82	19,86
308,04	13,44
308,25	12,71
308,46	12,42
308,68	11,08
308,89	11,82
309,10	12,30
309,32	15,20
309,53	13,13
309,74	14,22
309,96	13,96
310,17	14,10
310,38	14,43
310,59	13,26
310,81	11,50
311,02	15,20
311,23	17,05
311,45	10,70
311,66	11,71
311,87	16,00
312,09	17,99
312,30	17,10
312,51	14,20
312,72	12,09
312,94	12,77
313,15	13,00
313,36	8,90
313,58	12,10
313,79	12,11
314,00	13,60
314,21	12,76
314,43	11,52
314,64	12,23
314,85	17,51
315,06	13,26
315,28	13,85
315,49	13,10
315,70	15,40
315,92	11,49
316,13	11,43
316,34	11,80
316,55	14,49
316,77	10,32
316,98	13,85
317,19	13,66
317,40	16,19
317,62	12,68
317,83	14,48
318,04	19,04
318,25	14,81
318,47	16,50
318,68	11,39
318,89	15,02
319,11	13,12
319,32	13,03
319,53	12,67
319,74	14,79
319,96	11,83
320,17	13,30
320,38	10,47
320,59	14,28
320,81	11,19
321,02	11,67
321,23	14,87
321,44	12,28
321,65	15,43
321,87	9,15
322,08	18,54
322,29	15,34
322,50	12,10
322,72	14,16
322,93	14,05
323,14	9,84
323,35	13,90
323,57	11,69
323,78	13,48
323,99	16,38
324,20	12,73
324,41	15,21
324,63	15,21
324,84	9,94
325,05	13,72
325,26	11,25
325,48	14,48
325,69	12,41
325,90	10,32
326,11	11,97
326,32	13,39
326,54	16,06
326,75	12,45
326,96	10,59
327,17	15,36
327,39	12,78
327,60	11,97
327,81	13,91
328,02	14,64
328,23	15,84
328,45	15,58
328,66	12,89
328,87	15,74
329,08	15,06
329,29	17,54
329,51	17,40
329,72	19,51
329,93	15,80
330,14	22,76
330,35	21,65
330,56	17,72
330,78	23,78
330,99	19,45
331,20	15,67
331,41	17,71
331,62	13,25
331,84	13,73
332,05	11,11
332,26	9,66
332,47	16,03
332,68	15,56
332,90	14,94
333,11	11,64
333,32	15,56
333,53	15,40
333,74	14,81
333,95	14,11
334,17	12,39
334,38	11,20
334,59	12,21
334,80	14,71
335,01	16,70
335,22	15,14
335,44	15,26
335,65	8,04
335,86	13,38
336,07	11,92
336,28	13,52
336,49	10,65
336,71	10,48
336,92	14,56
337,13	9,38
337,34	11,37
337,55	11,48
337,76	13,46
337,97	11,73
338,19	14,16
338,40	9,28
338,61	10,04
338,82	14,47
339,03	16,32
339,24	15,30
339,45	10,40
339,67	16,56
339,88	13,26
340,09	13,14
340,30	14,04
340,51	14,84
340,72	13,97
340,93	14,52
341,15	14,06
341,36	14,80
341,57	13,06
341,78	14,62
341,99	11,05
342,20	13,99
342,41	16,33
342,62	13,40
342,84	12,96
343,05	7,51
343,26	11,11
343,47	12,18
343,68	13,02
343,89	13,55
344,10	14,77
344,31	14,87
344,53	10,70
344,74	13,68
344,95	12,35
345,16	16,56
345,37	14,95
345,58	16,06
345,79	15,54
346,00	15,58
346,21	11,71
346,42	14,09
346,64	12,26
346,85	13,88
347,06	12,57
347,27	13,21
347,48	15,70
347,69	12,39
347,90	14,52
348,11	11,92
348,32	13,06
348,53	14,82
348,75	12,97
348,96	12,41
349,17	14,79
349,38	17,42
349,59	10,89
349,80	14,82
350,01	11,92
350,22	11,36
350,43	12,95
350,64	14,24
350,85	17,06
351,06	13,14
351,28	14,33
351,49	15,72
351,70	11,44
351,91	12,32
352,12	15,24
352,33	14,52
352,54	15,58
352,75	17,83
352,96	12,48
353,17	14,87
353,38	9,63
353,59	16,91
353,80	18,74
354,01	14,06
354,22	13,40
354,44	13,39
354,65	15,22
354,86	16,67
355,07	16,27
355,28	13,51
355,49	13,52
355,70	16,06
355,91	13,79
356,12	15,31
356,33	14,58
356,54	12,96
356,75	15,40
356,96	12,81
357,17	18,30
357,38	15,64
357,59	17,17
357,80	13,46
358,01	18,85
358,22	17,91
358,43	16,49
358,64	15,38
358,85	15,77
359,07	16,49
359,28	11,47
359,49	10,67
359,70	17,21
359,91	11,84
360,12	11,91
360,33	14,14
360,54	15,68
360,75	15,90
360,96	14,15
361,17	18,86
361,38	12,61
361,59	18,03
361,80	15,74
362,01	10,90
362,22	15,29
362,43	20,52
362,64	17,47
362,85	15,17
363,06	16,94
363,27	10,47
363,48	18,10
363,69	15,55
363,90	12,92
364,11	16,90
364,32	11,40
364,53	16,51
364,74	9,76
364,95	11,58
365,16	13,86
365,37	14,07
365,58	15,64
365,79	20,78
366,00	18,95
366,21	20,30
366,42	18,69
366,63	18,19
366,84	14,05
367,05	16,07
367,26	20,52
367,47	15,42
367,68	18,89
367,89	16,26
368,10	15,61
368,31	17,06
368,52	16,73
368,73	17,12
368,94	20,00
369,15	16,55
369,36	13,41
369,57	17,59
369,78	18,03
369,99	20,21
370,20	14,83
370,40	12,92
370,61	18,49
370,82	18,36
371,03	13,71
371,24	13,59
371,45	17,54
371,66	15,36
371,87	20,77
372,08	14,26
372,29	16,23
372,50	19,81
372,71	15,42
372,92	15,92
373,13	18,13
373,34	10,67
373,55	15,03
373,76	14,97
373,97	14,77
374,18	11,51
374,39	16,21
374,60	15,73
374,81	15,01
375,01	16,67
375,22	19,29
375,43	20,37
375,64	12,10
375,85	16,17
376,06	19,37
376,27	20,65
376,48	14,83
376,69	15,08
376,90	16,34
377,11	14,66
377,32	17,66
377,53	16,73
377,74	19,41
377,94	20,52
378,15	18,98
378,36	15,99
378,57	13,23
378,78	19,10
378,99	12,08
379,20	14,25
379,41	16,19
379,62	16,40
379,83	16,28
380,04	17,50
380,25	15,60
380,45	11,99
380,66	19,68
380,87	14,66
381,08	16,64
381,29	18,53
381,50	18,90
381,71	13,88
381,92	12,96
382,13	9,19
382,34	17,01
382,55	15,80
382,75	14,46
382,96	14,87
383,17	14,56
383,38	12,73
383,59	15,68
383,80	20,57
384,01	19,31
384,22	17,40
384,43	13,78
384,63	15,81
384,84	17,11
385,05	14,74
385,26	15,04
385,47	18,10
385,68	14,80
385,89	15,53
386,10	11,98
386,30	14,31
386,51	17,50
386,72	13,98
386,93	12,76
387,14	17,26
387,35	14,38
387,56	14,72
387,77	14,42
387,97	12,50
388,18	17,21
388,39	14,97
388,60	13,15
388,81	18,29
389,02	16,94
389,23	18,68
389,43	23,69
389,64	18,05
389,85	16,02
390,06	20,12
390,27	18,96
390,48	19,23
390,69	19,01
390,89	19,22
391,10	18,41
391,31	16,74
391,52	20,00
391,73	19,59
391,94	19,69
392,14	18,83
392,35	16,99
392,56	17,12
392,77	17,55
392,98	14,93
393,19	12,80
393,39	14,76
393,60	18,27
393,81	19,39
394,02	19,77
394,23	11,65
394,44	20,43
394,64	17,89
394,85	12,78
395,06	20,64
395,27	18,98
395,48	19,96
395,69	17,08
395,89	19,02
396,10	17,96
396,31	16,97
396,52	17,42
396,73	18,31
396,93	17,91
397,14	16,96
397,35	16,20
397,56	22,40
397,77	22,10
397,97	15,89
398,18	19,80
398,39	22,48
398,60	20,85
398,81	23,24
399,01	18,27
399,22	20,95
399,43	26,62
399,64	24,46
399,85	22,18
400,05	21,24
400,26	18,39
400,47	22,34
400,68	20,22
400,89	15,98
401,09	19,73
401,30	24,45
401,51	25,82
401,72	23,26
401,93	24,30
402,13	22,67
402,34	20,76
402,55	25,30
402,76	25,26
402,96	22,58
403,17	22,22
403,38	21,86
403,59	20,30
403,80	23,99
404,00	24,17
404,21	24,61
404,42	25,23
404,63	23,34
404,83	26,07
405,04	20,12
405,25	26,19
405,46	24,83
405,66	25,78
405,87	20,29
406,08	26,03
406,29	24,20
406,49	24,44
406,70	21,33
406,91	20,15
407,12	26,30
407,32	24,39
407,53	20,69
407,74	22,25
407,95	20,35
408,15	27,21
408,36	27,65
408,57	26,73
408,78	23,98
408,98	22,06
409,19	26,68
409,40	22,77
409,61	27,93
409,81	25,77
410,02	23,08
410,23	22,27
410,44	20,34
410,64	27,55
410,85	29,14
411,06	25,17
411,26	25,82
411,47	26,05
411,68	26,30
411,89	23,96
412,09	25,92
412,30	25,07
412,51	23,29
412,72	18,48
412,92	21,50
413,13	28,38
413,34	27,75
413,54	21,59
413,75	26,17
413,96	23,65
414,17	25,55
414,37	23,58
414,58	25,06
414,79	28,26
414,99	26,77
415,20	25,61
415,41	29,81
415,61	25,73
415,82	23,63
416,03	29,99
416,24	20,88
416,44	23,55
416,65	28,77
416,86	27,83
417,06	24,84
417,27	25,21
417,48	23,51
417,68	22,54
417,89	24,25
418,10	19,00
418,30	24,56
418,51	24,19
418,72	29,84
418,92	25,94
419,13	24,16
419,34	21,03
419,55	26,04
419,75	21,70
419,96	23,99
420,17	28,45
420,37	25,59
420,58	22,30
420,79	23,80
420,99	23,20
421,20	24,81
421,41	25,28
421,61	24,14
421,82	23,91
422,03	25,05
422,23	25,17
422,44	23,13
422,65	20,35
422,85	25,83
423,06	24,91
423,26	23,90
423,47	22,23
423,68	23,88
423,88	23,63
424,09	23,74
424,30	24,53
424,50	20,14
424,71	28,63
424,92	27,09
425,12	23,26
425,33	24,75
425,54	24,42
425,74	24,92
425,95	20,87
426,15	26,78
426,36	25,69
426,57	27,25
426,77	23,71
426,98	29,87
427,19	25,12
427,39	24,85
427,60	27,69
427,81	19,96
428,01	23,04
428,22	26,58
428,42	26,05
428,63	21,09
428,84	26,20
429,04	27,38
429,25	27,15
429,45	19,78
429,66	25,35
429,87	19,76
430,07	20,62
430,28	21,03
430,49	18,03
430,69	22,22
430,90	20,44
431,10	24,06
431,31	26,05
431,52	23,54
431,72	24,84
431,93	25,46
432,13	25,21
432,34	27,61
432,55	22,61
432,75	27,89
432,96	26,16
433,16	26,66
433,37	26,64
433,58	22,92
433,78	23,73
433,99	26,91
434,19	26,56
434,40	22,49
434,60	28,59
434,81	24,36
435,02	23,96
435,22	25,98
435,43	24,42
435,63	30,76
435,84	27,92
436,05	31,15
436,25	28,19
436,46	25,42
436,66	25,21
436,87	26,75
437,07	24,62
437,28	27,21
437,48	21,91
437,69	27,43
437,90	28,44
438,10	23,00
438,31	23,20
438,51	24,60
438,72	23,00
438,92	25,52
439,13	25,36
439,34	25,88
439,54	25,05
439,75	27,66
439,95	26,98
440,16	24,84
440,36	26,51
440,57	27,55
440,77	28,97
440,98	26,08
441,18	22,26
441,39	27,17
441,60	30,95
441,80	27,52
442,01	27,23
442,21	27,79
442,42	29,52
442,62	31,48
442,83	23,96
443,03	26,39
443,24	22,66
443,44	26,47
443,65	25,62
443,85	27,39
444,06	25,38
444,26	23,02
444,47	28,80
444,67	24,60
444,88	25,63
445,09	30,76
445,29	27,85
445,50	26,22
445,70	26,47
445,91	28,31
446,11	30,97
446,32	30,73
446,52	31,82
446,73	24,24
446,93	28,78
447,14	25,43
447,34	30,74
447,55	24,56
447,75	22,88
447,96	27,12
448,16	29,57
448,37	27,04
448,57	22,66
448,78	29,03
448,98	26,16
449,19	27,52
449,39	27,12
449,60	29,05
449,80	25,17
450,01	25,78
450,21	28,54
450,42	28,62
450,62	29,00
450,83	27,31
451,03	26,78
451,23	28,41
451,44	25,20
451,64	26,17
451,85	30,03
452,05	26,12
452,26	27,25
452,46	30,38
452,67	28,20
452,87	29,31
453,08	28,84
453,28	26,35
453,49	25,02
453,69	25,05
453,90	26,02
454,10	30,44
454,31	28,36
454,51	30,15
454,71	30,36
454,92	29,91
455,12	29,89
455,33	28,11
455,53	30,83
455,74	31,83
455,94	29,13
456,15	25,95
456,35	29,31
456,55	33,82
456,76	32,86
456,96	28,73
457,17	24,62
457,37	27,13
457,58	28,18
457,78	26,69
457,99	29,08
458,19	27,44
458,39	26,68
458,60	31,51
458,80	29,46
459,01	24,44
459,21	28,52
459,42	31,67
459,62	25,44
459,82	27,84
460,03	28,48
460,23	33,19
460,44	28,27
460,64	27,48
460,85	29,42
461,05	29,43
461,25	31,26
461,46	26,76
461,66	25,98
461,87	30,44
462,07	31,10
462,27	32,97
462,48	27,93
462,68	24,87
462,89	32,78
463,09	30,22
463,29	28,20
463,50	29,86
463,70	32,27
463,91	27,05
464,11	23,24
464,31	25,69
464,52	32,24
464,72	29,97
464,93	28,01
465,13	26,61
465,33	28,95
465,54	28,05
465,74	27,12
465,95	32,67
466,15	25,03
466,35	25,55
466,56	33,19
466,76	29,19
466,96	27,32
467,17	36,40
467,37	33,48
467,58	31,57
467,78	32,30
467,98	28,98
468,19	30,52
468,39	33,05
468,59	29,18
468,80	28,62
469,00	27,38
469,21	27,75
469,41	35,38
469,61	27,06
469,82	30,60
470,02	31,70
470,22	29,47
470,43	30,88
470,63	27,06
470,83	30,45
471,04	32,60
471,24	31,67
471,45	33,03
471,65	28,87
471,85	26,98
472,06	35,41
472,26	24,84
472,46	33,41
472,67	33,76
472,87	34,20
473,07	31,50
473,28	29,99
473,48	35,47
473,68	32,92
473,89	30,48
474,09	30,56
474,29	32,98
474,50	36,15
474,70	29,80
474,90	38,85
475,11	35,27
475,31	33,20
475,51	30,34
475,72	33,05
475,92	34,39
476,12	30,19
476,33	30,08
476,53	33,11
476,73	35,73
476,93	31,10
477,14	36,07
477,34	35,90
477,54	37,21
477,75	35,41
477,95	37,82
478,15	34,91
478,36	33,18
478,56	37,34
478,76	36,12
478,97	35,94
479,17	35,00
479,37	30,70
479,57	31,08
479,78	33,11
479,98	33,87
480,18	35,76
480,39	34,83
480,59	33,64
480,79	38,15
480,99	38,03
481,20	35,70
481,40	34,36
481,60	37,23
481,81	35,99
482,01	36,95
482,21	33,87
482,41	38,38
482,62	33,35
482,82	37,56
483,02	35,71
483,23	33,01
483,43	34,44
483,63	37,17
483,83	37,96
484,04	39,86
484,24	36,43
484,44	33,23
484,64	36,68
484,85	34,37
485,05	30,59
485,25	34,00
485,45	34,41
485,66	31,72
485,86	31,18
486,06	35,45
486,26	31,47
486,47	37,37
486,67	37,64
486,87	32,43
487,07	37,75
487,28	32,82
487,48	31,60
487,68	37,42
487,88	36,37
488,09	38,92
488,29	35,43
488,49	39,74
488,69	42,54
488,90	36,47
489,10	36,24
489,30	37,57
489,50	39,37
489,71	38,57
489,91	37,34
490,11	38,60
490,31	41,18
490,52	36,09
490,72	41,49
490,92	37,24
491,12	40,96
491,32	36,13
491,53	32,64
491,73	39,02
491,93	37,51
492,13	40,28
492,33	39,82
492,54	36,28
492,74	39,01
492,94	41,51
493,14	41,61
493,35	41,63
493,55	37,91
493,75	36,44
493,95	38,27
494,15	40,05
494,36	37,04
494,56	38,29
494,76	38,67
494,96	38,63
495,16	40,11
495,37	38,67
495,57	36,79
495,77	39,52
495,97	42,59
496,17	40,33
496,37	41,45
496,58	39,82
496,78	42,54
496,98	43,02
497,18	50,92
497,38	54,56
497,59	55,40
497,79	60,63
497,99	59,57
498,19	59,37
498,39	53,61
498,59	51,03
498,80	48,54
499,00	51,71
499,20	44,76
499,40	41,31
499,60	40,48
499,80	40,35
500,01	42,71
500,21	34,35
500,41	34,52
500,61	39,39
500,81	38,55
501,01	37,21
501,22	31,04
501,42	37,92
501,62	32,22
501,82	38,15
502,02	39,15
502,22	36,30
502,42	42,75
502,63	38,44
502,83	35,72
503,03	39,07
503,23	36,47
503,43	34,46
503,63	39,85
503,83	36,59
504,04	36,83
504,24	38,54
504,44	36,92
504,64	38,17
504,84	37,33
505,04	37,88
505,24	38,26
505,44	42,20
505,65	37,53
505,85	40,14
506,05	41,60
506,25	38,29
506,45	37,35
506,65	36,88
506,85	36,06
507,05	35,00
507,26	32,91
507,46	33,53
507,66	34,30
507,86	36,50
508,06	35,63
508,26	34,24
508,46	41,76
508,66	35,74
508,86	35,78
509,06	38,69
509,27	36,31
509,47	29,35
509,67	35,82
509,87	33,41
510,07	37,57
510,27	35,74
510,47	38,47
510,67	42,06
510,87	37,99
511,07	37,78
511,28	40,26
511,48	37,11
511,68	38,58
511,88	38,91
512,08	35,72
512,28	39,46
512,48	31,60
512,68	40,46
512,88	37,00
513,08	40,02
513,28	35,10
513,48	35,36
513,68	33,31
513,89	36,28
514,09	39,21
514,29	43,45
514,49	45,43
514,69	41,35
514,89	40,88
515,09	41,63
515,29	39,44
515,49	40,10
515,69	42,05
515,89	36,28
516,09	42,60
516,29	37,11
516,49	33,92
516,69	35,87
516,89	31,03
517,09	32,48
517,29	39,78
517,50	30,89
517,70	33,42
517,90	36,29
518,10	33,84
518,30	36,26
518,50	37,60
518,70	33,61
518,90	37,06
519,10	33,81
519,30	37,42
519,50	36,91
519,70	37,33
519,90	40,63
520,10	36,97
520,30	40,03
520,50	40,43
520,70	39,85
520,90	38,55
521,10	39,44
521,30	42,88
521,50	42,79
521,70	36,77
521,90	44,14
522,10	39,63
522,30	41,45
522,50	40,34
522,70	35,92
522,90	38,66
523,10	37,21
523,30	37,12
523,50	42,46
523,70	37,78
523,90	41,67
524,10	38,36
524,30	43,12
524,50	34,73
524,70	37,41
524,90	41,50
525,10	40,59
525,30	40,74
525,50	38,10
525,70	40,90
525,90	40,61
526,10	35,91
526,30	40,87
526,50	38,75
526,70	35,24
526,90	42,10
527,10	36,53
527,30	38,45
527,50	36,02
527,70	36,77
527,90	40,07
528,10	40,03
528,30	35,55
528,50	43,02
528,70	37,91
528,90	39,60
529,10	41,77
529,30	41,02
529,50	42,38
529,70	41,53
529,90	42,43
530,10	36,64
530,29	42,55
530,49	37,43
530,69	41,38
530,89	43,88
531,09	39,26
531,29	39,76
531,49	41,64
531,69	39,03
531,89	37,60
532,09	36,23
532,29	38,10
532,49	35,94
532,69	39,09
532,89	40,10
533,09	41,13
533,29	35,85
533,49	37,35
533,68	33,92
533,88	36,86
534,08	39,46
534,28	38,78
534,48	36,01
534,68	39,49
534,88	38,34
535,08	41,14
535,28	39,57
535,48	41,36
535,68	40,00
535,88	39,01
536,08	38,39
536,27	39,57
536,47	38,40
536,67	42,39
536,87	38,47
537,07	39,65
537,27	42,06
537,47	40,46
537,67	40,41
537,87	39,94
538,07	44,06
538,27	37,71
538,46	42,47
538,66	34,42
538,86	41,02
539,06	37,54
539,26	40,05
539,46	36,56
539,66	36,72
539,86	41,46
540,06	37,60
540,25	40,99
540,45	36,58
540,65	40,58
540,85	34,02
541,05	39,91
541,25	39,46
541,45	40,34
541,65	36,34
541,85	42,38
542,04	35,06
542,24	44,30
542,44	39,74
542,64	37,90
542,84	37,29
543,04	38,26
543,24	40,37
543,43	41,12
543,63	38,58
543,83	43,89
544,03	40,23
544,23	40,74
544,43	39,00
544,63	37,11
544,82	43,03
545,02	39,46
545,22	40,23
545,42	36,13
545,62	36,39
545,82	40,84
546,02	37,16
546,21	36,50
546,41	37,25
546,61	41,94
546,81	39,16
547,01	38,83
547,21	34,79
547,40	38,16
547,60	37,17
547,80	38,98
548,00	40,73
548,20	39,67
548,40	38,74
548,59	37,96
548,79	40,22
548,99	34,91
549,19	38,63
549,39	39,79
549,59	42,68
549,78	39,18
549,98	43,12
550,18	32,62
550,38	37,88
550,58	38,31
550,77	36,21
550,97	39,90
551,17	33,78
551,37	37,42
551,57	43,65
551,76	34,01
551,96	37,87
552,16	36,68
552,36	38,58
552,56	38,85
552,75	39,47
552,95	38,60
553,15	36,53
553,35	40,05
553,55	35,47
553,74	40,06
553,94	32,45
554,14	39,53
554,34	38,85
554,54	37,61
554,73	33,18
554,93	39,01
555,13	40,24
555,33	38,44
555,53	37,52
555,72	36,59
555,92	34,17
556,12	38,74
556,32	38,11
556,51	40,53
556,71	39,31
556,91	31,67
557,11	38,21
557,30	40,48
557,50	40,00
557,70	33,86
557,90	37,44
558,10	38,44
558,29	40,31
558,49	35,86
558,69	37,69
558,89	36,03
559,08	35,75
559,28	35,88
559,48	33,79
559,68	35,86
559,87	37,72
560,07	35,43
560,27	37,27
560,47	38,64
560,66	40,53
560,86	39,13
561,06	40,79
561,25	37,74
561,45	37,59
561,65	36,68
561,85	38,08
562,04	36,39
562,24	38,14
562,44	35,85
562,64	39,55
562,83	36,92
563,03	42,43
563,23	37,53
563,42	37,16
563,62	41,33
563,82	42,84
564,02	38,76
564,21	39,71
564,41	40,14
564,61	41,87
564,80	46,26
565,00	43,72
565,20	44,93
565,40	43,25
565,59	40,53
565,79	45,99
565,99	44,24
566,18	43,72
566,38	46,46
566,58	49,40
566,78	49,81
566,97	58,48
567,17	76,33
567,37	96,68
567,56	136,58
567,76	189,28
567,96	239,10
568,15	267,61
568,35	297,74
568,55	308,54
568,74	285,38
568,94	258,02
569,14	224,20
569,33	189,62
569,53	158,81
569,73	137,44
569,92	113,46
570,12	90,58
570,32	79,74
570,52	68,23
570,71	55,64
570,91	58,43
571,11	55,54
571,30	50,20
571,50	49,56
571,70	49,38
571,89	52,50
572,09	47,31
572,28	51,22
572,48	48,24
572,68	47,50
572,87	49,16
573,07	52,36
573,27	55,26
573,46	52,03
573,66	50,01
573,86	48,09
574,05	52,44
574,25	48,16
574,45	53,35
574,64	52,04
574,84	54,66
575,04	51,32
575,23	56,02
575,43	49,61
575,62	51,85
575,82	52,30
576,02	47,17
576,21	54,63
576,41	51,84
576,61	52,57
576,80	49,18
577,00	53,42
577,19	47,98
577,39	58,10
577,59	58,77
577,78	56,24
577,98	54,53
578,18	52,82
578,37	54,81
578,57	56,07
578,76	53,62
578,96	58,86
579,16	59,34
579,35	60,70
579,55	58,90
579,74	60,05
579,94	57,17
580,14	59,76
580,33	62,07
580,53	59,18
580,72	64,11
580,92	65,05
581,12	60,35
581,31	68,26
581,51	66,19
581,70	67,62
581,90	66,59
582,10	68,68
582,29	71,11
582,49	72,67
582,68	73,08
582,88	74,64
583,07	72,79
583,27	76,65
583,47	79,78
583,66	88,71
583,86	93,12
584,05	105,31
584,25	114,32
584,44	123,73
584,64	125,99
584,84	133,86
585,03	139,23
585,23	138,10
585,42	138,95
585,62	136,82
585,81	135,08
586,01	138,30
586,20	147,81
586,40	148,27
586,60	167,73
586,79	178,60
586,99	208,25
587,18	244,88
587,38	370,74
587,57	1099,80
587,77	4877,72
587,96	12129,34
588,16	19511,43
588,35	29298,82
588,55	40937,70
588,75	49953,03
588,94	54003,30
589,14	55120,93
589,33	54753,98
589,53	49652,22
589,72	43026,33
589,92	37271,18
590,11	29484,62
590,31	22901,68
590,50	17740,06
590,70	13069,31
590,89	9270,20
591,09	5979,17
591,28	3674,34
591,48	2230,35
591,67	1393,50
591,87	914,19
592,06	649,18
592,26	484,28
592,45	382,90
592,65	319,84
592,84	277,50
593,04	239,47
593,23	214,20
593,43	194,16
593,62	179,96
593,82	165,94
594,01	155,63
594,21	148,01
594,40	137,47
594,60	126,35
594,79	123,37
594,99	116,73
595,18	112,81
595,38	107,68
595,57	108,12
595,77	101,81
595,96	98,55
596,16	95,82
596,35	91,16
596,55	90,28
596,74	87,81
596,94	84,02
597,13	89,03
597,33	81,55
597,52	78,66
597,72	77,90
597,91	78,58
598,11	69,46
598,30	73,35
598,50	71,29
598,69	70,33
598,88	67,91
599,08	72,98
599,27	61,43
599,47	69,61
599,66	64,36
599,86	63,63
600,05	62,23
600,25	59,89
600,44	60,39
600,64	62,94
600,83	58,23
601,02	59,78
601,22	62,24
601,41	56,31
601,61	57,32
601,80	58,88
602,00	55,33
602,19	58,88
602,38	53,53
602,58	56,00
602,77	51,94
602,97	53,40
603,16	55,23
603,36	58,14
603,55	52,59
603,74	50,79
603,94	50,98
604,13	52,23
604,33	52,94
604,52	50,56
604,72	51,43
604,91	49,99
605,10	49,05
605,30	47,93
605,49	49,90
605,69	51,39
605,88	45,80
606,07	48,83
606,27	48,98
606,46	45,40
606,66	42,04
606,85	45,55
607,04	44,13
607,24	44,04
607,43	42,25
607,63	46,25
607,82	45,62
608,01	40,87
608,21	43,20
608,40	42,62
608,60	46,23
608,79	40,42
608,98	39,88
609,18	40,13
609,37	43,98
609,57	42,02
609,76	39,19
609,95	36,82
610,15	38,78
610,34	37,01
610,53	31,84
610,73	31,88
610,92	31,92
611,11	32,16
611,31	32,26
611,50	29,40
611,70	30,91
611,89	32,76
612,08	30,55
612,28	30,97
612,47	33,43
612,66	30,80
612,86	29,99
613,05	34,64
613,24	29,93
613,44	32,37
613,63	35,36
613,82	34,09
614,02	34,77
614,21	37,79
614,41	42,66
614,60	43,27
614,79	46,78
614,99	58,64
615,18	72,72
615,37	76,80
615,57	81,74
615,76	83,81
615,95	84,44
616,15	76,88
616,34	73,06
616,53	65,57
616,73	61,14
616,92	50,52
617,11	44,03
617,30	46,05
617,50	39,15
617,69	40,16
617,88	34,75
618,08	30,68
618,27	28,70
618,46	30,29
618,66	29,73
618,85	30,26
619,04	29,61
619,24	28,64
619,43	28,63
619,62	30,66
619,82	26,50
620,01	24,20
620,20	25,85
620,39	31,08
620,59	30,78
620,78	28,70
620,97	22,18
621,17	26,64
621,36	26,44
621,55	27,64
621,74	28,28
621,94	26,13
622,13	23,86
622,32	25,32
622,52	22,69
622,71	28,38
622,90	26,55
623,09	25,55
623,29	27,57
623,48	25,97
623,67	25,92
623,86	21,10
624,06	24,79
624,25	27,09
624,44	26,41
624,64	27,51
624,83	26,70
625,02	25,11
625,21	22,10
625,41	21,78
625,60	24,70
625,79	25,73
625,98	27,22
626,18	21,01
626,37	25,81
626,56	25,37
626,75	21,47
626,95	21,50
627,14	21,36
627,33	26,63
627,52	27,43
627,72	24,24
627,91	23,40
628,10	28,80
628,29	25,00
628,49	19,98
628,68	24,54
628,87	20,05
629,06	23,07
629,25	25,18
629,45	24,83
629,64	29,06
629,83	25,74
630,02	22,53
630,22	18,53
630,41	20,34
630,60	25,35
630,79	21,23
630,98	23,48
631,18	22,27
631,37	24,06
631,56	25,55
631,75	23,42
631,94	25,62
632,14	22,19
632,33	21,50
632,52	21,68
632,71	22,26
632,90	27,43
633,10	26,25
633,29	22,38
633,48	26,45
633,67	28,05
633,86	27,03
634,06	24,28
634,25	24,10
634,44	24,51
634,63	23,56
634,82	19,75
635,02	19,67
635,21	20,52
635,40	26,19
635,59	21,79
635,78	22,09
635,97	21,73
636,17	24,44
636,36	26,91
636,55	23,09
636,74	23,23
636,93	23,18
637,12	24,71
637,32	19,62
637,51	22,83
637,70	22,31
637,89	28,31
638,08	22,96
638,27	21,48
638,47	25,05
638,66	19,80
638,85	24,57
639,04	18,57
639,23	23,61
639,42	21,81
639,62	23,05
639,81	22,69
640,00	19,23
640,19	23,51
640,38	27,14
640,57	21,70
640,76	20,86
640,95	20,35
641,15	23,92
641,34	19,94
641,53	26,78
641,72	19,06
641,91	19,62
642,10	22,05
642,29	21,87
642,49	22,62
642,68	21,72
642,87	24,11
643,06	21,80
643,25	20,56
643,44	19,97
643,63	27,97
643,82	19,62
644,01	22,08
644,21	18,64
644,40	25,05
644,59	20,00
644,78	23,38
644,97	23,06
645,16	26,88
645,35	20,41
645,54	17,40
645,73	20,67
645,92	19,21
646,12	15,47
646,31	23,08
646,50	26,47
646,69	18,69
646,88	21,80
647,07	23,08
647,26	21,76
647,45	21,57
647,64	17,74
647,83	21,77
648,02	17,66
648,22	20,47
648,41	18,44
648,60	20,14
648,79	20,21
648,98	23,17
649,17	18,12
649,36	17,87
649,55	19,07
649,74	16,78
649,93	23,42
650,12	24,15
650,31	22,84
650,50	17,80
650,69	15,85
650,88	20,63
651,08	17,62
651,27	18,51
651,46	22,90
651,65	18,28
651,84	22,21
652,03	19,84
652,22	19,94
652,41	19,45
652,60	17,86
652,79	23,53
652,98	18,74
653,17	15,65
653,36	21,34
653,55	16,07
653,74	18,03
653,93	21,43
654,12	15,80
654,31	19,66
654,50	16,64
654,69	15,63
654,88	16,93
655,07	17,39
655,26	16,90
655,45	18,29
655,64	18,95
655,83	19,39
656,02	12,05
656,21	14,48
656,40	19,60
656,59	18,57
656,78	17,68
656,97	18,15
657,17	21,58
657,36	20,09
657,55	14,37
657,74	16,19
657,93	15,50
658,12	17,69
658,31	21,43
658,50	20,56
658,69	18,87
658,87	19,94
659,06	17,03
659,25	14,86
659,44	14,09
659,63	17,71
659,82	17,31
660,01	20,39
660,20	15,68
660,39	15,09
660,58	19,34
660,77	17,88
660,96	19,84
661,15	16,54
661,34	18,05
661,53	15,91
661,72	16,65
661,91	18,15
662,10	18,84
662,29	13,73
662,48	18,66
662,67	21,07
662,86	15,09
663,05	15,36
663,24	16,35
663,43	16,46
663,62	14,02
663,81	18,01
664,00	18,89
664,19	15,56
664,38	19,16
664,57	20,12
664,76	15,79
664,94	19,01
665,13	17,14
665,32	15,74
665,51	20,08
665,70	15,72
665,89	16,30
666,08	17,06
666,27	16,19
666,46	17,35
666,65	16,56
666,84	18,81
667,03	18,74
667,22	17,55
667,41	16,97
667,60	18,33
667,78	16,30
667,97	16,46
668,16	21,54
668,35	18,88
668,54	11,60
668,73	21,20
668,92	17,74
669,11	13,32
669,30	20,62
669,49	15,99
669,68	14,95
669,86	19,72
670,05	17,43
670,24	16,22
670,43	16,95
670,62	13,75
670,81	17,52
671,00	18,37
671,19	18,07
671,38	13,91
671,57	14,65
671,75	15,61
671,94	19,09
672,13	21,05
672,32	20,15
672,51	16,13
672,70	17,67
672,89	18,91
673,08	18,63
673,26	15,95
673,45	18,61
673,64	17,26
673,83	17,43
674,02	18,90
674,21	15,79
674,40	13,40
674,59	10,70
674,77	17,98
674,96	15,20
675,15	20,13
675,34	16,30
675,53	20,38
675,72	16,75
675,91	17,62
676,09	16,99
676,28	16,98
676,47	18,36
676,66	20,84
676,85	17,60
677,04	15,42
677,22	12,83
677,41	14,16
677,60	16,62
677,79	14,34
677,98	20,95
678,17	18,69
678,36	16,72
678,54	13,66
678,73	15,54
678,92	12,69
679,11	14,39
679,30	14,44
679,48	15,93
679,67	15,47
679,86	13,03
680,05	16,94
680,24	20,24
680,43	16,44
680,61	14,25
680,80	19,68
680,99	15,08
681,18	10,44
681,37	17,44
681,55	17,38
681,74	13,08
681,93	16,45
682,12	15,61
682,31	15,27
682,49	13,56
682,68	15,97
682,87	15,79
683,06	12,21
683,25	11,68
683,43	13,34
683,62	12,98
683,81	17,76
684,00	14,81
684,19	15,66
684,37	16,73
684,56	14,68
684,75	17,41
684,94	15,28
685,12	14,90
685,31	15,27
685,50	17,40
685,69	16,24
685,88	12,02
686,06	15,80
686,25	14,73
686,44	16,03
686,63	18,44
686,81	11,01
687,00	16,64
687,19	13,23
687,38	17,92
687,56	13,42
687,75	16,70
687,94	18,03
688,13	12,33
688,31	15,29
688,50	15,17
688,69	19,61
688,88	17,62
689,06	16,19
689,25	13,84
689,44	12,42
689,63	15,17
689,81	13,98
690,00	15,94
690,19	21,43
690,38	14,56
690,56	15,87
690,75	14,18
690,94	12,41
691,13	15,97
691,31	14,30
691,50	15,93
691,69	14,95
691,87	16,29
692,06	16,43
692,25	13,18
692,44	17,73
692,62	16,36
692,81	16,29
693,00	16,60
693,18	13,58
693,37	15,56
693,56	16,66
693,75	17,91
693,93	12,95
694,12	18,89
694,31	9,44
694,49	13,57
694,68	14,90
694,87	16,66
695,05	18,44
695,24	16,92
695,43	38,98
695,62	60,72
695,80	80,54
695,99	109,85
696,18	123,69
696,36	129,39
696,55	121,07
696,74	109,41
696,92	92,30
697,11	83,58
697,30	71,47
697,48	62,07
697,67	53,73
697,86	49,24
698,04	41,12
698,23	34,11
698,42	26,24
698,60	23,05
698,79	28,49
698,98	17,93
699,16	17,24
699,35	19,40
699,54	13,04
699,72	16,71
699,91	16,45
700,10	14,26
700,28	16,35
700,47	16,33
700,66	10,87
700,84	12,48
701,03	16,00
701,21	15,22
701,40	18,19
701,59	15,03
701,77	14,06
701,96	14,71
702,15	11,20
702,33	18,87
702,52	14,48
702,71	17,84
702,89	17,51
703,08	12,91
703,26	14,77
703,45	15,70
703,64	12,33
703,82	12,15
704,01	10,69
704,20	15,29
704,38	16,26
704,57	17,45
704,75	13,52
704,94	14,59
705,13	17,93
705,31	12,10
705,50	20,43
705,68	33,18
705,87	48,88
706,06	61,43
706,24	69,27
706,43	77,81
706,61	78,33
706,80	77,09
706,99	67,11
707,17	54,28
707,36	50,21
707,54	48,02
707,73	36,52
707,92	39,77
708,10	34,86
708,29	25,14
708,47	22,33
708,66	20,22
708,84	21,27
709,03	16,01
709,22	18,48
709,40	10,57
709,59	20,01
709,77	8,45
709,96	12,28
710,14	15,93
710,33	13,95
710,52	13,66
710,70	15,75
710,89	18,96
711,07	13,16
711,26	15,00
711,44	12,30
711,63	12,95
711,81	13,95
712,00	12,18
712,19	8,70
712,37	13,38
712,56	13,68
712,74	8,79
712,93	15,11
713,11	12,45
713,30	11,64
713,48	16,76
713,67	14,17
713,85	17,35
714,04	19,67
714,22	21,84
714,41	15,77
714,59	21,46
714,78	19,16
714,97	21,81
715,15	21,41
715,34	18,50
715,52	13,95
715,71	15,74
715,89	15,05
716,08	13,86
716,26	13,66
716,45	14,46
716,63	10,11
716,82	14,09
717,00	13,82
717,19	13,26
717,37	13,79
717,56	13,74
717,74	12,60
717,93	12,09
718,11	18,08
718,30	12,48
718,48	13,95
718,67	13,52
718,85	16,13
719,04	14,51
719,22	12,67
719,41	14,99
719,59	15,75
719,78	15,20
719,96	12,70
720,15	21,57
720,33	13,62
720,52	15,64
720,70	14,59
720,88	13,87
721,07	14,33
721,25	15,83
721,44	12,01
721,62	12,63
721,81	13,57
721,99	10,43
722,18	12,00
722,36	10,65
722,55	10,67
722,73	11,89
722,92	14,20
723,10	14,24
723,28	13,34
723,47	12,71
723,65	11,40
723,84	14,94
724,02	12,03
724,21	9,75
724,39	13,44
724,58	12,42
724,76	15,84
724,94	12,91
725,13	12,80
725,31	12,41
725,50	11,96
725,68	13,94
725,87	15,96
726,05	16,20
726,23	18,23
726,42	27,53
726,60	33,16
726,79	36,61
726,97	35,15
727,16	41,28
727,34	37,43
727,52	33,66
727,71	33,64
727,89	28,58
728,08	24,85
728,26	27,11
728,44	22,06
728,63	23,74
728,81	17,63
729,00	18,73
729,18	17,13
729,36	15,36
729,55	14,86
729,73	15,48
729,92	17,31
730,10	10,69
730,28	16,70
730,47	11,42
730,65	8,06
730,84	12,21
731,02	10,69
731,20	16,32
731,39	14,66
731,57	12,05
731,75	11,83
731,94	12,03
732,12	10,42
732,31	14,82
732,49	14,31
732,67	8,42
732,86	13,18
733,04	16,26
733,22	8,60
733,41	16,13
733,59	11,17
733,78	12,49
733,96	9,24
734,14	10,47
734,33	16,97
734,51	11,92
734,69	9,69
734,88	15,88
735,06	16,08
735,24	10,74
735,43	16,24
735,61	20,07
735,79	19,44
735,98	15,57
736,16	12,86
736,34	14,54
736,53	15,80
736,71	13,41
736,89	20,23
737,08	20,57
737,26	34,21
737,44	57,57
737,63	79,83
737,81	98,77
737,99	117,29
738,18	128,96
738,36	127,11
738,54	116,41
738,73	99,65
738,91	88,18
739,09	71,20
739,28	56,78
739,46	46,38
739,64	41,55
739,82	36,50
740,01	32,65
740,19	31,04
740,37	29,93
740,56	22,76
740,74	21,79
740,92	23,87
741,11	15,25
741,29	18,67
741,47	16,01
741,65	12,35
741,84	17,24
742,02	15,92
742,20	12,93
742,39	15,98
742,57	11,95
742,75	13,40
742,93	12,01
743,12	15,74
743,30	17,57
743,48	11,78
743,67	12,89
743,85	12,38
744,03	11,91
744,21	11,89
744,40	16,55
744,58	18,01
744,76	12,79
744,94	8,83
745,13	15,38
745,31	15,43
745,49	11,70
745,67	7,58
745,86	9,66
746,04	15,45
746,22	16,69
746,40	13,33
746,59	14,68
746,77	13,37
746,95	14,55
747,13	13,69
747,32	13,52
747,50	15,49
747,68	15,20
747,86	16,37
748,05	12,84
748,23	13,25
748,41	13,17
748,59	16,45
748,77	18,78
748,96	14,49
749,14	20,08
749,32	33,90
749,50	51,97
749,69	77,84
749,87	88,87
750,05	109,25
750,23	114,37
750,41	124,14
750,60	130,51
750,78	133,10
750,96	141,36
751,14	136,57
751,32	132,43
751,51	127,28
751,69	105,67
751,87	90,05
752,05	74,69
752,23	65,84
752,42	51,98
752,60	43,22
752,78	40,12
752,96	38,48
753,14	32,41
753,33	29,63
753,51	22,07
753,69	21,87
753,87	23,40
754,05	20,75
754,23	19,90
754,42	13,91
754,60	19,42
754,78	13,95
754,96	13,41
755,14	12,80
755,32	16,28
755,51	11,50
755,69	9,94
755,87	12,11
756,05	13,27
756,23	14,51
756,41	10,84
756,60	9,18
756,78	13,91
756,96	13,15
757,14	14,90
757,32	12,18
757,50	12,62
757,68	12,87
757,87	20,33
758,05	15,74
758,23	12,86
758,41	12,98
758,59	16,31
758,77	16,67
758,95	13,51
759,14	13,91
759,32	14,82
759,50	12,09
759,68	15,40
759,86	12,71
760,04	15,16
760,22	16,38
760,40	16,80
760,59	13,40
760,77	16,14
760,95	11,68
761,13	13,02
761,31	16,17
761,49	14,37
761,67	15,09
761,85	21,23
762,03	21,81
762,22	38,22
762,40	91,38
762,58	201,37
762,76	319,48
762,94	426,21
763,12	506,51
763,30	557,36
763,48	541,17
763,66	451,47
763,84	344,56
764,02	264,04
764,21	206,14
764,39	164,77
764,57	143,99
764,75	131,15
764,93	119,31
765,11	109,64
765,29	106,03
765,47	112,32
765,65	118,33
765,83	132,76
766,01	136,05
766,19	137,23
766,37	128,67
766,56	108,27
766,74	87,86
766,92	66,25
767,10	59,30
767,28	43,64
767,46	38,82
767,64	40,16
767,82	36,31
768,00	33,89
768,18	30,50
768,36	26,16
768,54	26,36
768,72	28,90
768,90	34,96
769,08	44,96
769,26	49,72
769,44	59,35
769,62	64,26
769,80	63,86
769,98	58,86
770,16	50,73
770,34	41,44
770,52	30,25
770,71	25,55
770,89	28,98
771,07	33,87
771,25	43,30
771,43	80,83
771,61	121,15
771,79	160,81
771,97	194,86
772,15	202,99
772,33	204,04
772,51	175,57
772,69	142,90
772,87	111,25
773,05	83,39
773,23	70,40
773,41	64,13
773,59	54,87
773,77	50,13
773,95	45,71
774,13	41,17
774,31	40,93
774,49	39,59
774,67	33,42
774,85	35,40
775,03	30,51
775,21	26,46
775,39	17,10
775,57	19,69
775,75	16,72
775,93	18,50
776,10	12,62
776,28	11,51
776,46	16,39
776,64	14,02
776,82	16,75
777,00	43,20
777,18	13,60
777,36	13,78
777,54	14,02
777,72	15,59
777,90	10,36
778,08	14,99
778,26	11,54
778,44	15,46
778,62	14,20
778,80	17,12
778,98	14,49
779,16	12,52
779,34	17,03
779,52	14,53
779,70	15,19
779,88	11,69
780,05	15,66
780,23	13,80
780,41	12,32
780,59	13,11
780,77	12,05
780,95	11,19
781,13	13,30
781,31	15,95
781,49	12,93
781,67	11,03
781,85	13,52
782,03	11,81
782,21	10,83
782,39	7,50
782,56	16,65
782,74	14,68
782,92	13,05
783,10	13,18
783,28	11,69
783,46	12,42
783,64	16,77
783,82	13,06
784,00	14,64
784,18	16,42
784,35	11,31
784,53	13,01
784,71	12,65
784,89	14,61
785,07	12,76
785,25	21,48
785,43	15,24
785,61	12,26
785,79	17,24
785,96	15,30
786,14	16,29
786,32	14,62
786,50	12,19
786,68	13,36
786,86	15,86
787,04	14,21
787,22	11,18
787,39	10,49
787,57	15,78
787,75	13,16
787,93	13,66
788,11	14,17
788,29	15,45
788,47	11,49
788,65	11,60
788,82	12,78
789,00	16,99
789,18	11,33
789,36	14,63
789,54	10,47
789,72	12,98
789,89	12,41
790,07	11,97
790,25	15,58
790,43	12,34
790,61	14,82
790,79	17,62
790,96	15,07
791,14	14,27
791,32	13,16
791,50	12,90
791,68	14,82
791,86	15,99
792,03	12,82
792,21	15,19
792,39	20,10
792,57	9,67
792,75	13,11
792,93	12,46
793,10	14,36
793,28	15,98
793,46	15,77
793,64	23,40
793,82	40,91
793,99	60,21
794,17	78,59
794,35	90,27
794,53	87,62
794,71	95,59
794,88	89,82
795,06	69,89
795,24	57,46
795,42	51,26
795,60	40,96
795,77	40,03
795,95	29,22
796,13	27,92
796,31	30,57
796,49	32,06
796,66	29,26
796,84	29,91
797,02	24,63
797,20	26,19
797,37	25,68
797,55	21,74
797,73	23,08
797,91	19,73
798,08	17,32
798,26	15,02
798,44	13,70
798,62	16,31
798,80	9,18
798,97	9,80
799,15	14,02
799,33	16,08
799,51	21,10
799,68	31,23
799,86	42,01
800,04	51,39
800,22	56,57
800,39	77,47
800,57	85,87
800,75	95,30
800,93	105,95
801,10	105,40
801,28	100,48
801,46	100,01
801,63	83,23
801,81	74,38
801,99	60,58
802,17	52,55
802,34	50,86
802,52	45,32
802,70	43,23
802,88	41,16
803,05	41,50
803,23	37,92
803,41	38,11
803,58	32,56
803,76	29,84
803,94	30,06
804,12	25,34
804,29	22,11
804,47	20,12
804,65	18,90
804,82	17,69
805,00	16,47
805,18	13,30
805,35	14,04
805,53	19,09
805,71	16,18
805,89	16,13
806,06	14,61
806,24	13,63
806,42	15,36
806,59	13,22
806,77	13,88
806,95	13,63
807,12	16,92
807,30	14,91
807,48	10,92
807,65	13,77
807,83	16,40
808,01	19,14
808,18	14,90
808,36	16,76
808,54	13,40
808,71	18,96
808,89	15,57
809,07	21,84
809,24	27,68
809,42	46,40
809,60	70,68
809,77	83,34
809,95	91,77
810,13	106,32
810,30	124,61
810,48	155,92
810,66	200,95
810,83	250,91
811,01	292,17
811,18	315,82
811,36	326,52
811,54	308,63
811,71	265,88
811,89	222,45
812,07	185,98
812,24	160,10
812,42	146,53
812,59	130,38
812,77	118,74
812,95	108,67
813,12	107,58
813,30	99,46
813,48	91,93
813,65	82,24
813,83	77,22
814,00	71,16
814,18	64,39
814,36	60,99
814,53	49,74
814,71	42,22
814,88	33,47
815,06	30,55
815,24	28,92
815,41	21,36
815,59	18,97
815,76	18,28
815,94	24,59
816,12	19,68
816,29	21,99
816,47	21,76
816,64	19,19
816,82	20,13
817,00	38,02
817,17	61,93
817,35	117,41
817,52	180,91
817,70	235,90
817,87	292,54
818,05	334,34
818,23	361,10
818,40	398,58
818,58	454,69
818,75	535,73
818,93	599,15
819,10	657,66
819,28	653,97
819,46	633,04
819,63	557,79
819,81	481,93
819,98	409,70
820,16	354,70
820,33	317,22
820,51	286,59
820,68	263,84
820,86	245,31
821,03	226,02
821,21	207,58
821,39	189,20
821,56	175,42
821,74	157,48
821,91	142,49
822,09	130,29
822,26	115,83
822,44	100,93
822,61	87,11
822,79	72,96
822,96	59,22
823,14	40,86
823,31	32,52
823,49	29,06
823,66	23,16
823,84	16,57
824,01	18,85
824,19	15,89
824,36	20,77
824,54	17,78
824,71	14,94
824,89	17,00
825,06	19,55
825,24	19,07
825,41	23,83
825,59	31,18
825,76	51,25
825,94	52,78
826,11	55,89
826,29	59,29
826,46	58,78
826,64	50,56
826,81	42,91
826,99	37,32
827,16	38,30
827,34	34,95
827,51	33,23
827,69	32,63
827,86	32,52
828,04	32,92
828,21	26,21
828,39	29,15
828,56	24,06
828,74	26,12
828,91	22,22
829,09	20,14
829,26	24,56
829,43	22,06
829,61	21,96
829,78	20,48
829,96	20,20
830,13	18,72
830,31	24,59
830,48	14,36
830,66	11,46
830,83	16,33
831,01	16,50
831,18	13,43
831,35	13,15
831,53	15,04
831,70	8,40
831,88	17,37
832,05	13,89
832,23	16,51
832,40	9,92
832,57	14,45
832,75	16,36
832,92	15,55
833,10	12,85
833,27	12,15
833,45	10,80
833,62	17,42
833,79	18,65
833,97	12,92
834,14	12,67
834,32	14,71
834,49	12,93
834,66	12,05
834,84	13,78
835,01	14,38
835,19	15,83
835,36	16,24
835,53	14,71
835,71	12,52
835,88	18,00
836,06	11,02
836,23	16,40
836,40	6,92
836,58	13,95
836,75	9,54
836,93	13,55
837,10	12,11
837,27	10,25
837,45	15,58
837,62	10,31
837,79	11,58
837,97	19,60
838,14	13,24
838,32	14,13
838,49	17,51
838,66	14,19
838,84	16,09
839,01	13,14
839,18	9,97
839,36	16,02
839,53	17,81
839,70	23,40
839,88	23,36
840,05	36,94
840,23	40,56
840,40	50,61
840,57	54,36
840,75	59,44
840,92	57,96
841,09	55,32
841,27	55,65
841,44	57,65
841,61	67,34
841,79	75,36
841,96	83,92
842,13	88,70
842,31	86,88
842,48	86,47
842,65	84,66
842,83	76,07
843,00	68,64
843,17	70,04
843,35	63,81
843,52	59,15
843,69	56,06
843,86	54,67
844,04	44,08
844,21	45,21
844,38	42,08
844,56	37,62
844,73	37,90
844,90	34,97
845,08	34,08
845,25	27,43
845,42	30,67
845,60	22,34
845,77	25,90
845,94	21,95
846,11	18,05
846,29	19,06
846,46	17,78
846,63	15,01
846,81	13,52
846,98	17,82
847,15	18,60
847,32	14,32
847,50	13,74
847,67	11,78
847,84	18,52
848,01	15,68
848,19	15,04
848,36	15,24
848,53	16,64
848,71	15,22
848,88	14,23
849,05	14,91
849,22	13,03
849,40	12,71
849,57	19,80
849,74	14,28
849,91	10,47
850,09	14,56
850,26	12,52
850,43	12,42
850,60	12,77
850,78	13,50
850,95	13,19
851,12	19,19
851,29	20,44
851,47	24,79
851,64	21,90
851,81	26,84
851,98	27,66
852,15	27,18
852,33	26,81
852,50	26,25
852,67	22,18
852,84	25,17
853,02	23,53
853,19	24,72
853,36	22,16
853,53	14,99
853,70	25,01
853,88	16,86
854,05	22,76
854,22	19,75
854,39	19,73
854,56	18,84
854,74	16,70
854,91	20,24
855,08	20,42
855,25	16,92
855,42	20,27
855,60	17,30
855,77	18,95
855,94	15,32
856,11	18,50
856,28	9,38
856,46	8,44
856,63	12,75
856,80	12,35
856,97	17,76
857,14	13,48
857,31	12,29
857,49	11,87
857,66	12,40
857,83	13,77
858,00	12,48
858,17	12,96
858,34	12,62
858,52	12,73
858,69	11,29
858,86	13,42
859,03	12,48
859,20	15,90
859,37	8,94
859,55	13,98
859,72	15,59
859,89	15,44
860,06	12,26
860,23	16,06
860,40	14,88
860,57	10,80
860,75	10,46
860,92	15,29
861,09	15,29
861,26	14,38
861,43	12,36
861,60	12,21
861,77	12,76
861,95	10,19
862,12	13,48
862,29	15,80
862,46	13,73
862,63	13,83
862,80	15,77
862,97	12,55
863,14	11,35
863,31	10,92
863,49	16,56
863,66	11,53
863,83	13,51
864,00	14,46
864,17	7,53
864,34	11,78
864,51	16,10
864,68	11,63
864,85	12,44
865,02	14,37
865,20	13,95
865,37	12,36
865,54	15,43
865,71	14,05
865,88	14,37
866,05	12,44
866,22	15,33
866,39	18,93
866,56	12,56
866,73	16,76
866,90	15,99
867,07	14,41
867,25	13,48
867,42	15,65
867,59	9,93
867,76	15,57
867,93	13,34
868,10	10,78
868,27	14,17
868,44	17,61
868,61	18,27
868,78	15,56
868,95	13,01
869,12	13,99
869,29	11,05
869,46	14,07
869,63	13,39
869,80	13,93
869,97	14,74
870,14	14,53
870,32	10,89
870,49	13,00
870,66	17,71
870,83	15,36
871,00	15,30
871,17	15,88
871,34	14,61
871,51	11,53
871,68	13,62
871,85	12,27
872,02	11,05
872,19	10,63
872,36	8,36
872,53	11,18
872,70	11,96
872,87	13,24
873,04	12,35
873,21	9,58
873,38	12,93
873,55	12,25
873,72	15,81
873,89	11,29
874,06	10,83
874,23	15,38
874,40	8,12
874,57	14,92
874,74	13,58
874,91	14,29
875,08	10,42
875,25	13,86
875,42	16,63
875,59	12,37
875,76	14,47
875,93	12,72
876,10	17,27
876,27	16,34
876,44	12,20
876,61	13,62
876,78	13,47
876,95	11,14
877,12	12,58
877,29	11,77
877,46	14,27
877,62	13,59
877,79	11,01
877,96	15,73
878,13	12,73
878,30	16,06
878,47	12,37
878,64	9,22
878,81	14,00
878,98	9,79
879,15	15,06
879,32	13,59
879,49	11,20
879,66	12,75
879,83	16,36
880,00	11,62
880,17	14,68
880,34	11,40
880,51	14,03
880,67	14,32
880,84	12,29
881,01	16,30
881,18	12,13
881,35	13,70
881,52	15,78
881,69	13,98
881,86	15,13
882,03	15,40
882,20	10,53
882,37	16,90
882,54	13,60
882,70	13,44
882,87	17,21
883,04	12,34
883,21	12,74
883,38	10,71
883,55	9,41
883,72	12,63
883,89	14,78
884,06	11,90
884,23	14,61
884,39	11,47
884,56	15,97
884,73	11,64
884,90	14,78
885,07	14,55
885,24	17,82
885,41	9,59
885,58	16,37
885,74	16,86
885,91	12,73
886,08	16,47
886,25	12,80
886,42	14,09
886,59	13,38
886,76	15,20
886,93	11,56
887,09	13,05
887,26	14,92
887,43	9,51
887,60	13,29
887,77	11,92
887,94	9,44
888,10	12,41
888,27	14,13
888,44	11,82
888,61	15,72
888,78	12,60
888,95	12,46
889,12	10,92
889,28	13,43
889,45	13,36
889,62	13,31
889,79	16,33
889,96	9,50
890,13	14,83
890,29	16,06
890,46	8,72
890,63	12,19
890,80	17,56
890,97	11,73
891,13	9,96
891,30	13,96
891,47	13,09
891,64	16,88
891,81	12,66
891,98	10,45
892,14	11,50
892,31	13,68
892,48	14,49
892,65	13,21
892,82	11,95
892,98	8,39
893,15	13,41
893,32	12,59
